use_direct_model : False 
teacher_forcing : False 
n_past : 3 
learning_rate : 0.0001 
batch_size : 32 
epochs : 1000 
lag : 5 
features : ('mav', ('zc', 0.003), ('ssc', 0.0003), 'wl') 
warm_up : 20 

min_joints: -28.99422836303711
max_joints: 156.77395629882812

1.009900721232085373e-02
8.802232010800492557e-03
2.116542164992522585e-03
3.652521596969218569e-03
7.071813301475987981e-03
5.353774360937244015e-03
1.333994778763938904e-02
4.084872414138019693e-03
7.652866508870782347e+00
8.001171948639534293e+00
2.515558953520035335e+00
4.099631344127688592e+00
7.977329758488511224e+00
7.395304874217130120e+00
1.605902054837561010e+01
6.734741626694036754e+00
1.821764311597997477e+01
1.717649190423325933e+01
2.414229069353385881e+01
2.161019040237950506e+01
1.875668188768563738e+01
1.954614587042583906e+01
1.849189690203388992e+01
2.205910014452985735e+01
6.118457476986379762e-01
5.461139561698287181e-01
2.254320617938261606e-01
2.767538405943523183e-01
4.272716453959577998e-01
3.885153279048986219e-01
9.930268679208464899e-01
3.876513769774483364e-01


8.453051242082001634e-03
5.386224187900902523e-03
9.915671635476242841e-04
1.617838340588284487e-03
5.654912325621670038e-03
4.862067214716279777e-03
6.185955427672879675e-03
3.189637553682688614e-03
5.210937178930209690e+00
4.658599001431655395e+00
2.180653584043534821e+00
2.634976147230929655e+00
4.263340254813675401e+00
4.917311607838087184e+00
5.037826164270625462e+00
5.133343640528299723e+00
5.201970878445337121e+00
4.284249712911414321e+00
3.364034774106709147e+00
3.888186549722218999e+00
5.059022005334922412e+00
4.176040967397812054e+00
3.143112565850273210e+00
3.678487995778208841e+00
4.660902494999298318e-01
3.031413661264257819e-01
4.461841703584901175e-02
5.763833672600584407e-02
2.055047727917317935e-01
1.752843754557250888e-01
4.672087650914056867e-01
2.489762915459538262e-01

