lag : 1 
features : ('mav', ('zc', 0.003), ('ssc', 0.0003), 'wl') 
learning_rate : 8e-05 
batch_size : 32 

min_joints: -28.99422836303711
max_joints: 157.0110321044922

9.913375999746096984e-03
8.840624627532853858e-03
2.105585943122561914e-03
3.647395892311672792e-03
7.154519463514670899e-03
5.365993252578530465e-03
1.346901182138552505e-02
4.039206178436082796e-03
7.537782717026707324e+00
7.989764590659745203e+00
2.489310416571518303e+00
4.045894418479557331e+00
8.025763596043864467e+00
7.355722339783112851e+00
1.608802857998284708e+01
6.668762464414571767e+00
1.820818934238636899e+01
1.707895017278913485e+01
2.415351591639137041e+01
2.156567255824338503e+01
1.865374680936359653e+01
1.949899777226341158e+01
1.845567108661784772e+01
2.206439630368261717e+01
5.982103578041152447e-01
5.460143776920627356e-01
2.249228997854696710e-01
2.757261444625115909e-01
4.309742402015252494e-01
3.887777508090654588e-01
1.001509878232546447e+00
3.846837263709065868e-01


8.240365505866105444e-03
5.312072843908639298e-03
9.475094527665045433e-04
1.595336805388515361e-03
5.349565271992639051e-03
4.765055173453829236e-03
6.207345870579672985e-03
3.084266805778285245e-03
5.132730098862612778e+00
4.623248750630279957e+00
2.155509188761849160e+00
2.602657493386769438e+00
4.373162036498824179e+00
4.878028911746583596e+00
5.041306366862834842e+00
5.091984930136383092e+00
5.184535370325572323e+00
4.292694557077549433e+00
3.369338709202622351e+00
3.888100544771637246e+00
5.117843461610697808e+00
4.177349235410720674e+00
3.134789700183755468e+00
3.682832619460616019e+00
4.525087082740415489e-01
2.986553226663253846e-01
4.445150158015545583e-02
5.662460310469964037e-02
2.088363135254474590e-01
1.762423203300137187e-01
4.708509839160909816e-01
2.435168093372838682e-01

