lag : 1 
features : ('mav', ('zc', 0.003), ('ssc', 0.0003), 'wl') 
learning_rate : 0.0001 
batch_size : 32 

min_joints: -29.542062759399414
max_joints: 156.8260498046875

9.897628940289351918e-03
8.837484215085719685e-03
2.105590300320164636e-03
3.647179787235116898e-03
7.157093963806584677e-03
5.361924805819730071e-03
1.347106510705100776e-02
4.033383571496933738e-03
7.526945000770297156e+00
7.985605710470908392e+00
2.490884814871873854e+00
4.045899450521234897e+00
8.021373183382118910e+00
7.351558568274020544e+00
1.608831202177373854e+01
6.660036974272069088e+00
1.821859497766137892e+01
1.708318184152416208e+01
2.415249319570687447e+01
2.156592718122528751e+01
1.865096800698403001e+01
1.950379499820263973e+01
1.845516869511631342e+01
2.206921891850254269e+01
5.974564658748695578e-01
5.459342744540606196e-01
2.249358788799940834e-01
2.757329990436592215e-01
4.309684664415803779e-01
3.885548493351657640e-01
1.001606324866795905e+00
3.842806957956333425e-01


8.239350100116168280e-03
5.317422726346590113e-03
9.490942975694944802e-04
1.595349873182341999e-03
5.357614289406171897e-03
4.772128053519777632e-03
6.213340159848318965e-03
3.083173681562388375e-03
5.133782113409200321e+00
4.626476651357310566e+00
2.157992528823936773e+00
2.603928462564387036e+00
4.371134855982361067e+00
4.881203462224736001e+00
5.042534787173760691e+00
5.090615794398919647e+00
5.185369874792244538e+00
4.297335331241349365e+00
3.370164248040079524e+00
3.888337791962167334e+00
5.120379232284349769e+00
4.177117604893115121e+00
3.133730958566248503e+00
3.681494552122132280e+00
4.526000855955791824e-01
2.989008414686450954e-01
4.453113707534656768e-02
5.663954155343781105e-02
2.090489034612881825e-01
1.761206489329263103e-01
4.710564096398219824e-01
2.435416061764257845e-01

