lag : 3 
features : ('mav', ('zc', 0.003), ('ssc', 0.0003), 'wl') 
learning_rate : 0.0001 
batch_size : 32 

min_joints: -29.542062759399414
max_joints: 156.8260498046875

9.893743628522811903e-03
8.836746326482783007e-03
2.105309606974999428e-03
3.646413649280426123e-03
7.158565123879942309e-03
5.361343287581204695e-03
1.347046478625059732e-02
4.030551203114305162e-03
7.522641541903286821e+00
7.984716916193426606e+00
2.490664257442781082e+00
4.045018069179143083e+00
8.020330407847186649e+00
7.350600585097229356e+00
1.608700912063328303e+01
6.655632421270005317e+00
1.821948890036138380e+01
1.708437102047840384e+01
2.415369299604198972e+01
2.156608845293408905e+01
1.864865255549819167e+01
1.950526587506453424e+01
1.845355360523145904e+01
2.207101531578041786e+01
5.972542096042854354e-01
5.459207979325448878e-01
2.249222520473050102e-01
2.757113665065386021e-01
4.309810572089744496e-01
3.885161967023711971e-01
1.001534780139044845e+00
3.840854904949767556e-01


8.240933672938490287e-03
5.318167246592678948e-03
9.497535468668043485e-04
1.594719239694372074e-03
5.362222613189103482e-03
4.777821548915914263e-03
6.214173571606144281e-03
3.082077109358630999e-03
5.133395760208197878e+00
4.626618842283193977e+00
2.157725891995774692e+00
2.603781296289010339e+00
4.369713944828949259e+00
4.883251104880981686e+00
5.042506248720681761e+00
5.090324725217427293e+00
5.186482551125060958e+00
4.299141970080219366e+00
3.369198175065184930e+00
3.888303889890315723e+00
5.121173598327460219e+00
4.176451196758502959e+00
3.133056721298330682e+00
3.680986043609520308e+00
4.527217257614496448e-01
2.989241450056787652e-01
4.452748491435768591e-02
5.659152433784461755e-02
2.091260027217612949e-01
1.761481962637780063e-01
4.710423048930030276e-01
2.435402587358806714e-01

