lag : 5 
features : ('mav', ('zc', 0.003), ('ssc', 0.0003), 'wl') 
learning_rate : 8e-05 
batch_size : 32 

min_joints: -28.99422836303711
max_joints: 157.0110321044922

9.904314317126685155e-03
8.839106168596599575e-03
2.105209730054464611e-03
3.646434551968110588e-03
7.156692411384647790e-03
5.363696018037144089e-03
1.346602716909482862e-02
4.032503896938590890e-03
7.528653699211798944e+00
7.987543653622289241e+00
2.489157491500043395e+00
4.045139255696124536e+00
8.022176296531812412e+00
7.354963307880472811e+00
1.608770826816272859e+01
6.659877641653119795e+00
1.821247378218573232e+01
1.708214009158927382e+01
2.415518689647745276e+01
2.156560222768088408e+01
1.864982025733201354e+01
1.950299536925451704e+01
1.845350023846031462e+01
2.206930631124968656e+01
5.977420075309436420e-01
5.460063610666586742e-01
2.249087171689124476e-01
2.757092839027034392e-01
4.309578478837163273e-01
3.886877877195458741e-01
1.001258850694509706e+00
3.842185244173650926e-01


8.244804868176252785e-03
5.316054187145729214e-03
9.493170978987296822e-04
1.595580055610186900e-03
5.357635605153288072e-03
4.773843436480329147e-03
6.208376038270694598e-03
3.080366976346604873e-03
5.132119574518292815e+00
4.625206607173642404e+00
2.155424736331777780e+00
2.603871373297686809e+00
4.369968728515480016e+00
4.882199190726964844e+00
5.041099643599871172e+00
5.090973983013096671e+00
5.186104690611977652e+00
4.295402717639507095e+00
3.368581569305945767e+00
3.887362247155323747e+00
5.120880840084246266e+00
4.176232788666228046e+00
3.133874796842176291e+00
3.681946936445396723e+00
4.528366883354759675e-01
2.988583733346644178e-01
4.447020241463635337e-02
5.664334829511003672e-02
2.089782643184149580e-01
1.763133795882869670e-01
4.707449570166488129e-01
2.433643056695940221e-01

