lag : 1 
features : ('mav', ('ssc', 0.0003)) 
learning_rate : 0.0001 
batch_size : 32 

min_joints: -28.99422836303711
max_joints: 157.0110321044922

9.913375999746096984e-03
8.840624627532853858e-03
2.105585943122561914e-03
3.647395892311672792e-03
7.154519463514670899e-03
5.365993252578530465e-03
1.346901182138552505e-02
4.039206178436082796e-03
1.820818934238636899e+01
1.707895017278913485e+01
2.415351591639137041e+01
2.156567255824338503e+01
1.865374680936359653e+01
1.949899777226341158e+01
1.845567108661784772e+01
2.206439630368261717e+01


8.240365505866105444e-03
5.312072843908639298e-03
9.475094527665045433e-04
1.595336805388515361e-03
5.349565271992639051e-03
4.765055173453829236e-03
6.207345870579672985e-03
3.084266805778285245e-03
5.184535370325572323e+00
4.292694557077549433e+00
3.369338709202622351e+00
3.888100544771637246e+00
5.117843461610697808e+00
4.177349235410720674e+00
3.134789700183755468e+00
3.682832619460616019e+00

