lag : 5 
features : ('rms', ('zc', 0.003), ('ssc', 0.0003)) 
learning_rate : 0.0001 
batch_size : 128 

min_joints: -28.99422836303711
max_joints: 157.0110321044922

1.338480967166976419e-02
1.199811862152058706e-02
2.648928898922656844e-03
4.597325827962360327e-03
8.925501756953281920e-03
7.167606732792163732e-03
1.838172405328941661e-02
5.946092589702562867e-03
7.528653699211798944e+00
7.987543653622289241e+00
2.489157491500043395e+00
4.045139255696124536e+00
8.022176296531812412e+00
7.354963307880472811e+00
1.608770826816272859e+01
6.659877641653119795e+00
1.821247378218573232e+01
1.708214009158927382e+01
2.415518689647745276e+01
2.156560222768088408e+01
1.864982025733201354e+01
1.950299536925451704e+01
1.845350023846031462e+01
2.206930631124968656e+01


1.113748114274410589e-02
7.319257125904151708e-03
1.414163424864700461e-03
1.988649362973386042e-03
6.662432588290819087e-03
7.041593753998103174e-03
8.245774840618360496e-03
5.077510451342881828e-03
5.132119574518292815e+00
4.625206607173642404e+00
2.155424736331777780e+00
2.603871373297686809e+00
4.369968728515480016e+00
4.882199190726964844e+00
5.041099643599871172e+00
5.090973983013096671e+00
5.186104690611977652e+00
4.295402717639507095e+00
3.368581569305945767e+00
3.887362247155323747e+00
5.120880840084246266e+00
4.176232788666228046e+00
3.133874796842176291e+00
3.681946936445396723e+00

