lag : 3 
features : ('mav', ('zc', 0.003), ('ssc', 0.0003), 'wl') 
learning_rate : 8e-05 
batch_size : 128 

min_joints: -28.99422836303711
max_joints: 157.0110321044922

9.908946190489376082e-03
8.840391735660674266e-03
2.105385286488031197e-03
3.647056268231489620e-03
7.155919498422919425e-03
5.364687338499325719e-03
1.346788100818781773e-02
4.035686228351968545e-03
7.533029639869884164e+00
7.989013642400096593e+00
2.489085909881600500e+00
4.045322763576509217e+00
8.024475720676830903e+00
7.355249934959267044e+00
1.608817823031391470e+01
6.664051434041894595e+00
1.821007901811448093e+01
1.708043965835335598e+01
2.415474083180721365e+01
2.156520992428068340e+01
1.865149389637353394e+01
1.950123194800822191e+01
1.845441962410707148e+01
2.206720025574186295e+01
5.979782395059116684e-01
5.460373781411416161e-01
2.249125376450476499e-01
2.757208144015977358e-01
4.309786297303833114e-01
3.887351256046396308e-01
1.001412190013635239e+00
3.844408318232771515e-01


8.243065568368936058e-03
5.314219346222655814e-03
9.483310938417458544e-04
1.595730361334769679e-03
5.354112703355238048e-03
4.768400911746635551e-03
6.208157463512554465e-03
3.082322522542667743e-03
5.132069078469083223e+00
4.624199393415662662e+00
2.155179345926493184e+00
2.603058054848586433e+00
4.371683060685419342e+00
4.880027395428609083e+00
5.041053401470624529e+00
5.091815295437204014e+00
5.185516991866558456e+00
4.294115942205852576e+00
3.368565416157786263e+00
3.888145803034365411e+00
5.119046608309102631e+00
4.176555089727396641e+00
3.134284259457632782e+00
3.682439282442695472e+00
4.526873886428198768e-01
2.987723112356022725e-01
4.445695673148072902e-02
5.663721197082396963e-02
2.089163902376025561e-01
1.762829812357189774e-01
4.707930092322105131e-01
2.434581645255559368e-01

