lag : 3 
features : ('rms', ('zc', 0.003), ('ssc', 0.0003)) 
learning_rate : 0.0001 
batch_size : 32 

min_joints: -28.99422836303711
max_joints: 157.0110321044922

1.339096337089423078e-02
1.200003006525634727e-02
2.649120746484462819e-03
4.598163195280191053e-03
8.925063657837146308e-03
7.168833498992942775e-03
1.838547454452444524e-02
5.951258908100612137e-03
7.533029639869884164e+00
7.989013642400096593e+00
2.489085909881600500e+00
4.045322763576509217e+00
8.024475720676830903e+00
7.355249934959267044e+00
1.608817823031391470e+01
6.664051434041894595e+00
1.821007901811448093e+01
1.708043965835335598e+01
2.415474083180721365e+01
2.156520992428068340e+01
1.865149389637353394e+01
1.950123194800822191e+01
1.845441962410707148e+01
2.206720025574186295e+01


1.113455258729845361e-02
7.318576840856697019e-03
1.413037089773735771e-03
1.988788140224740687e-03
6.658822531133866060e-03
7.032963440006535262e-03
8.248404172600589182e-03
5.080303710143895500e-03
5.132069078469083223e+00
4.624199393415662662e+00
2.155179345926493184e+00
2.603058054848586433e+00
4.371683060685419342e+00
4.880027395428609083e+00
5.041053401470624529e+00
5.091815295437204014e+00
5.185516991866558456e+00
4.294115942205852576e+00
3.368565416157786263e+00
3.888145803034365411e+00
5.119046608309102631e+00
4.176555089727396641e+00
3.134284259457632782e+00
3.682439282442695472e+00

