lag : 3 
features : ('mav', ('ssc', 0.0003)) 
learning_rate : 8e-05 
batch_size : 128 

min_joints: -28.99422836303711
max_joints: 157.0110321044922

9.908946190489376082e-03
8.840391735660674266e-03
2.105385286488031197e-03
3.647056268231489620e-03
7.155919498422919425e-03
5.364687338499325719e-03
1.346788100818781773e-02
4.035686228351968545e-03
1.821007901811448093e+01
1.708043965835335598e+01
2.415474083180721365e+01
2.156520992428068340e+01
1.865149389637353394e+01
1.950123194800822191e+01
1.845441962410707148e+01
2.206720025574186295e+01


8.243065568368936058e-03
5.314219346222655814e-03
9.483310938417458544e-04
1.595730361334769679e-03
5.354112703355238048e-03
4.768400911746635551e-03
6.208157463512554465e-03
3.082322522542667743e-03
5.185516991866558456e+00
4.294115942205852576e+00
3.368565416157786263e+00
3.888145803034365411e+00
5.119046608309102631e+00
4.176555089727396641e+00
3.134284259457632782e+00
3.682439282442695472e+00

