use_direct_model : False 
use_teacher_forcing : False 
lag : 1 
epochs : 1000 
n_past_joints : 3 
learning_rate : 0.0001 
batch_size : 32 
features : ('mav', ('zc', 0.003), ('ssc', 0.0003), 'wl') 
warm_up : 150 

min_joints: -28.99422836303711
max_joints: 156.77395629882812

1.010713218900778816e-02
8.805541885660593537e-03
2.116828644330614757e-03
3.653473469050049199e-03
7.071016873457461153e-03
5.356415135438623645e-03
1.334584967522152443e-02
4.090471708746923167e-03
7.658483391698958087e+00
8.002838848712157116e+00
2.514650117076607572e+00
4.100121220912161135e+00
7.981485318800638495e+00
7.396117822582316315e+00
1.606329907374790267e+01
6.741685488717130248e+00
1.821296027683955288e+01
1.717471870531921496e+01
2.414229470150645440e+01
2.160867921009552717e+01
1.875819536252305397e+01
1.954275368325079398e+01
1.849377836258521768e+01
2.205540417331482317e+01
6.122253696567184766e-01
5.462143036646622818e-01
2.254290502333845259e-01
2.767813325158861026e-01
4.273473262790261629e-01
3.886234025823513960e-01
9.935114152239177265e-01
3.880528046727975688e-01


8.452858483628748754e-03
5.382826919579887341e-03
9.899002320122951646e-04
1.618466624246835475e-03
5.646190316181133075e-03
4.853297868544832749e-03
6.185214760756719415e-03
3.191330923768055140e-03
5.211043941017783787e+00
4.656067411339686046e+00
2.179046034522174935e+00
2.633172545848207591e+00
4.265147911844300310e+00
4.913448152208432340e+00
5.036557721036373891e+00
5.133371843309343596e+00
5.201300399900824267e+00
4.281520921871491581e+00
3.364556126806867109e+00
3.888801911188261240e+00
5.056360013426474787e+00
4.175934241592194951e+00
3.143241659390541010e+00
3.680859818822473262e+00
4.660373747879730799e-01
3.029780603734881783e-01
4.455537929168264938e-02
5.764920266618717842e-02
2.054660600870448495e-01
1.752360918796279365e-01
4.673586247600716725e-01
2.490545349800820651e-01

