lag : 1 
features : ('rms', ('zc', 0.003), ('ssc', 0.0003)) 
learning_rate : 0.0001 
batch_size : 32 

min_joints: -28.99422836303711
max_joints: 157.0110321044922

1.339685412449777117e-02
1.200022207062114571e-02
2.649337374282472075e-03
4.598670512954360426e-03
8.923857854967468667e-03
7.170623440848704865e-03
1.838795309111770221e-02
5.956906722288868999e-03
7.537782717026707324e+00
7.989764590659745203e+00
2.489310416571518303e+00
4.045894418479557331e+00
8.025763596043864467e+00
7.355722339783112851e+00
1.608802857998284708e+01
6.668762464414571767e+00
1.820818934238636899e+01
1.707895017278913485e+01
2.415351591639137041e+01
2.156567255824338503e+01
1.865374680936359653e+01
1.949899777226341158e+01
1.845567108661784772e+01
2.206439630368261717e+01


1.113038161192320304e-02
7.317151770809295769e-03
1.411641119958416618e-03
1.988304165774923936e-03
6.653067361523539759e-03
7.027507061837163539e-03
8.249560615337551278e-03
5.083045505247272416e-03
5.132730098862612778e+00
4.623248750630279957e+00
2.155509188761849160e+00
2.602657493386769438e+00
4.373162036498824179e+00
4.878028911746583596e+00
5.041306366862834842e+00
5.091984930136383092e+00
5.184535370325572323e+00
4.292694557077549433e+00
3.369338709202622351e+00
3.888100544771637246e+00
5.117843461610697808e+00
4.177349235410720674e+00
3.134789700183755468e+00
3.682832619460616019e+00

