lag : 5 
features : ('mav', ('ssc', 0.0003)) 
learning_rate : 0.0001 
batch_size : 32 

min_joints: -28.99422836303711
max_joints: 157.0110321044922

9.904314317126685155e-03
8.839106168596599575e-03
2.105209730054464611e-03
3.646434551968110588e-03
7.156692411384647790e-03
5.363696018037144089e-03
1.346602716909482862e-02
4.032503896938590890e-03
1.821247378218573232e+01
1.708214009158927382e+01
2.415518689647745276e+01
2.156560222768088408e+01
1.864982025733201354e+01
1.950299536925451704e+01
1.845350023846031462e+01
2.206930631124968656e+01


8.244804868176252785e-03
5.316054187145729214e-03
9.493170978987296822e-04
1.595580055610186900e-03
5.357635605153288072e-03
4.773843436480329147e-03
6.208376038270694598e-03
3.080366976346604873e-03
5.186104690611977652e+00
4.295402717639507095e+00
3.368581569305945767e+00
3.887362247155323747e+00
5.120880840084246266e+00
4.176232788666228046e+00
3.133874796842176291e+00
3.681946936445396723e+00

